845.776	72.476	6.30636420426252
854.159	77.533	2.3494356528314
831.273	70.152	3.6264019072394
834.245	81.126	3.3545125685287
806.156	86.639	20.301587031448
749.534	84.148	2.48978719337248
745.558	88.627	2.1262387859588
735.364	88.62	4.53180678452182
742.098	95.958	2.48052045714252
740.015	110.338	4.2745805802088
764.373	93.446	14.5699831321714
773.119	122.554	20.4101718940336
805.978	123.321	10.0149239427349
809.948	139.176	4.29587091034098
810.318	151.999	2.53809314352144
818.168	159.464	3.87882584268606
818.181	168.028	2.27134803913916
823.573	176.958	3.14712062172796
836.343	174.098	2.18162094626298
842.473	178.921	2.72725147978522
845.39	163.133	3.57229599031342
831.635	160.952	8.05687950146508
851.072	137.923	2.71371310115782
852.467	128.087	2.6022715391915
852.81	121.222	2.92357169226466
869.624	131.661	5.76208140156566
859.416	149.211	7.86063595686398
861.457	167.341	9.66592952490518
923.162	127.242	5.23554009795644
931.348	129.005	1.62753441298793
936.336	134.182	2.85056371019608
962.01	164.438	5.93172528237852
979.684	156.233	3.60494536729968
996.805	140.744	2.36313716280592
1000.379	119.499	2.48013290945848
1038.501	112.254	3.9733221926888
1044.28	133.829	7.5204052013762
1064.721	79.989	2.95208876069832
1078.2	84.95	3.86973589062826
1014.313	71.994	2.4915212217365
1007.981	67.902	3.1954965798739
969.252	81.84	4.59380932801842
924.799	82.881	3.2821651592338
932.768	78.947	3.21243547893222
934.081	88.031	2.55079247117202
941.529	66.124	3.17678294064556
955.047	72.913	14.3780512265889
688.493	121.68	4.42811405493584
698.444	131.44	3.10338352417032
704.356	137.694	3.98452914498036
676.013	125.397	3.44653496875442
655.048	118.392	4.56735241561572
678.92	113.306	8.33406938755686
684.749	136.133	9.5687559153891
724.707	158.375	2.99869241051596
724.68	168.36	2.93199236245964
725.404	178.498	2.56207117651116
732.035	182.173	2.41215970799102
725.246	190.524	2.71023996517808
725.794	197.117	2.95105184860846
732.069	199.871	2.5882294455931
709.648	177.844	9.05695089425804
668.39	190.624	2.06569145361598
680.257	209.704	3.90635718246088
676.761	222.862	2.89206660546198
669.273	229.657	2.05742209329216
684.329	192.565	11.8094872102703
685.646	162.964	20.1550380909118
648.643	146.933	20.5462944516898
629.797	131.762	3.0916908195066
640.155	125.141	2.36861960674092
610.437	170.938	3.19408101550816
607.01	189.89	4.31218362780846
595.366	205.723	2.99237307819924
620.525	218.592	2.77220399800558
627.465	221.966	3.61324007209148
626.77	234.254	3.81538864172268
616.711	232.632	4.36562922816926
579.051	162.939	9.7064498115411
609.689	150.816	15.9038052699408
622.651	164.587	2.71149286683374
489.36	230.428	2.36863103835506
496.079	232.633	3.0084864650539
504.677	226.984	1.83423181983926
502.344	239.702	6.22936027786194
484.967	242.962	6.9966940639404
476.311	299.306	6.89776845267372
461.571	307.695	2.12276300295592
467.058	273.378	17.8153195769296
416.129	327.815	2.40693628976702
448.662	343.619	2.9838145637536
458.913	342.985	2.90949072797208
463.734	379.879	2.5325009046544
473.414	390.096	3.88400173743228
510.326	363.979	3.70828713447992
515.191	371.323	2.88058749895948
537.483	388.459	6.74297430856114
541.039	418.585	3.13258970134182
532.591	413.236	7.1583117346608
518.991	414.145	7.39193810948386
819.382	189.789	2.857098302926
833.113	186.502	5.16816783565662
848.617	184.265	3.73340685725428
837.779	192.658	1.93021472287126
842.135	197.015	2.07499386827336
830.987	200.23	2.87745958933676
824.236	199.376	1.85128191163568
836.759	205.616	2.7772564985135
823.141	209.853	2.6818853702603
810.372	201.832	6.70948826021162
797.815	210.12	3.43616602145952
806.372	217.04	4.1960614544604
783.364	209.556	6.5168833034018
760.276	221.943	6.21663943059416
781.358	285.052	3.29245818173232
793.152	290.654	2.48625372556482
785.113	294.632	3.48223698097754
736.468	294.055	4.22777996916472
751.424	303.672	5.8113546130253
800.547	320.305	4.21587556600184
809.516	320.331	2.86581540388168
816.25	326.909	4.61243639136624
805.23	330.191	2.6455774129404
828.623	326.213	2.75838798957798
830.552	315.155	2.72128248163114
840.462	321.503	2.35674720054508
855.823	324.293	3.87402121426436
854.237	335.616	2.1655092735014
857.703	331.043	2.16046197613204
846.159	332.548	4.10957740864586
839.4	338.099	3.31805680322056
792.617	333.336	4.3198141868288
790.748	348.396	8.86992131253384
795.661	376.818	4.57951400818502
788.692	384.912	2.21286925314814
795.303	394.537	1.94371805118293
802.548	387.274	2.82802757570236
799.099	415.506	2.4572641075226
805.823	420.093	3.48495488305356
784.326	406.029	2.50963299677932
792.315	410.314	3.9429555469954
813.543	379.131	7.73726071699398
678.055	300.491	3.54173573556728
649.972	313.041	3.31355121596692
638.243	332.85	8.89014328566386
688.09	355.247	2.14916730945556
699.304	348.256	3.69460743704622
696.423	370.318	2.3852233167411
632.1	362.358	3.38872387790238
608.275	395.13	2.93859649515214
616.052	433.759	1.80337251900769
611.406	428.11	1.67485997389024
601.521	432.441	3.97236789399994
595.069	429.914	2.44801583612146
583.292	439.064	4.22072560153188
573.245	448.606	3.60429685037762
622.219	443.594	2.81425714021936
624.781	451.356	2.65815014352716
634.841	453.421	2.37718711858618
672.751	459.932	2.38527490776878
677.227	485.522	2.56336193516716
501.663	432.016	2.91667793051818
513.648	446.179	1.52139627637732
518.272	462.541	3.21830657173974
502.011	464.399	2.2187933549593
588.501	407.437	15.3676617693126
622.563	392.35	8.30654879471768
562.262	389.869	20.6916420117806
539.456	350.346	20.196048493461
503.524	350.213	7.15891108950504
490.057	372.974	9.92468545451396
414.625	452.086	7.82351852596982
396.914	457.228	7.35308933354068
406.786	481.42	4.5715238103216
409.089	495.271	3.42770047121414
383.723	492.242	7.44368511735042
362.26	502.198	3.30008912403136
348.766	496.191	3.90767831376646
359.754	517.854	3.32355843585712
385.822	510.891	2.79351753100746
405.242	521.362	8.2481336769426
426.91	515.988	7.02647971729758
444.485	512.303	2.04712852744124
455.253	519.538	4.94685724225666
481.762	498.155	2.1060470798
486.048	484.49	2.96663774354898
492.741	472.809	2.30586600429862
499.451	450.702	7.27787963738276
432.299	474.806	18.3573901700223
469.043	468.936	21.2437419161554
451.415	419.397	18.893830030786
494.328	406.742	20.9163926967854
434.318	385.386	18.8189198757543
481.519	335.973	19.26896455742
434.403	327.75	17.6653357685551
507.717	268.555	21.9868471950656
507.717	268.555	21.9868471950656
542.142	271.04	4.01946896359348
523.343	310.613	21.8585813442994
559.349	296.221	11.456145808434
551.695	243.187	19.8770260715788
530.969	213.279	20.1044495883256
576.853	191.909	21.8226586359148
594.443	229.451	17.5620184260531
596.494	250.001	3.52768747110066
607.114	248.05	2.94313473975276
618.857	244.964	3.86629819358398
594.943	263.685	2.8437372227418
617.453	269.567	19.7949903242055
665.667	253.63	21.3569518057428
652.713	219.387	19.4713730986158
636.028	187.917	21.7098521074328
699.767	214.495	17.2636520129177
728.466	228.026	20.1649355681178
716.078	264.926	16.1308702857643
682.342	277.086	14.7026948299239
661.994	304.394	9.91944255289608
633.649	299.799	20.00012941655
583.167	322.477	22.7153312067626
605.691	357.343	21.26564595846
665.852	340.795	24.2259298816642
705.241	304.284	19.1382838171082
721.349	336.406	18.1301366605503
778.098	318.754	17.2083277132721
760.48	278.008	19.260777532544
748.706	251.155	13.2569264902876
735.769	274.772	7.44013358706926
783.109	236.908	17.4577870693831
806.18	262.027	14.1700602568487
818.263	278.876	6.87666138265016
807.414	299.996	13.3865545006971
832.814	298.245	6.7688131583798
833.131	228.116	18.9318160961902
846.005	263.592	21.0817504575286
870.847	269.056	1.77038749672413
890.993	282.19	3.75929827398926
891.846	293.484	4.02311510924702
883.527	308.286	3.14006638835086
887.201	313.225	3.3324018673082
913.765	304.341	16.7807754448414
924.813	280.017	2.9933290450689
934.291	276.091	4.2848550437343
940.799	269.215	3.69165309146188
950.055	276.987	7.7853885073484
943.187	287.337	2.39366047103328
936.155	288.958	4.09546125198458
909.948	278.747	8.3964235363277
863.642	297.861	21.8494506946966
892.157	256.411	17.3005666950564
916.724	238.811	1.91038461784574
932.834	248.127	18.8993109291704
912.527	227.924	9.63190193749902
889.79	217.646	14.4554862793268
869.732	194.171	20.774503458702
916.944	201.351	3.40936958897178
917.627	210.742	3.5089432563466
907.994	180.423	19.7692783047137
947.085	181.918	2.93350736568968
962.867	180.21	8.43699148202784
964.522	194.4	3.96562933581674
976.264	196.835	1.971681588997
966.396	203.868	3.45973091152386
984.059	196.944	2.99782256448666
992.315	198.186	2.04530035286196
983.541	205.735	3.06192899449318
972.49	210.286	3.6044791563687
978.827	213.629	2.9189184066321
991.409	219.748	6.3599928654964
957.287	225.39	7.29332252266094
940.608	208.182	19.0495512536233
969.565	247.981	19.9715412449865
987.948	262.399	7.07908986568396
1002.871	267.339	9.29076287649558
968.354	292.069	19.8202959222121
938.62	310.29	8.88031973819992
973.684	317.373	1.892436850482
982.599	313.715	2.5830236734592
1003.671	294.385	18.0564525297335
1010.409	318.336	5.62157344913804
1015.741	331.54	3.85057387275892
1027.421	328.905	1.93602141105987
1030.901	332.737	1.95600832897286
1019.508	339.792	3.1780846726847
997.572	359.147	7.40449495976008
1029.33	381.816	2.71897821762798
1020.413	383.942	4.34072343850796
1018.659	394.468	1.81788827642808
1011.361	402.375	5.48697909187366
1005.051	413.598	4.30253151804898
1011.796	428.614	6.0238211987422
987.822	435.296	17.0031698021772
1003.015	444.362	3.47534836312496
993.547	459.524	6.38924817992948
1000.263	468.396	3.45517973529802
988.746	485.026	7.29613510106354
976.558	486.767	4.5951842671799
963.313	498.866	4.27553400557922
971.474	508.658	8.39871393373502
947.874	496.314	4.2320515941934
962.141	483.352	2.71485234805444
975.525	470.095	9.02337467315288
968.481	424.871	7.695274270481
961.653	411.502	2.77953765178742
960.409	404.757	1.8966395127642
952.928	423.879	7.30403163525708
938.666	418.995	7.27155020000296
924.29	415.891	4.50778533749416
911.426	411.919	2.673268773842
887.599	407.964	3.12926511972274
880.608	406.461	3.32073397056078
886.772	443.849	14.8356016985529
912.54	461.438	21.5279356807382
950.475	460.559	21.6274902535226
917.149	519.285	18.8164073390427
947.834	516.431	8.25725655516074
944.043	540.346	7.14543856428806
959.719	541.175	3.50779054671224
965.569	531.121	2.94311683146178
951.256	540.425	2.62961629333532
951.296	557.329	4.5435824398072
911.893	569.809	19.0162615039988
900.62	546.447	3.352134803137
892.123	537.523	3.73211630086158
881.807	532.373	2.09044667396946
881.041	526.203	2.19145623895628
894.471	521.383	3.81870376480986
899.053	501.661	8.72022983926194
867.826	534.788	4.26336874595092
878.969	542.862	4.93029092944022
888.066	555.992	5.98893923172126
873.593	565.083	4.24273631430624
874.053	579.881	4.48569800903626
876.078	591.62	4.28108342147084
887.144	596.929	7.64851406431216
870.173	609.381	8.84184101396266
866.119	551.855	3.8655016062609
859.293	550.019	1.98190720331784
851.409	547.564	6.34627013904254
842.923	533.87	3.92408526089578
824.353	557.736	3.6484186348399
836.224	563.215	7.77398624773234
806.938	558.039	3.06974327968898
796.709	565.34	3.3421855720289
800.858	549.94	4.68682699750024
792.698	545.943	3.4035630812192
782.232	553.248	2.3207285071575
774.116	555.823	3.96338513540374
780.642	571.609	9.49641596929268
751.349	586.339	3.84199023627342
741.977	601.039	5.61311638187388
736.733	590.98	3.34184225193582
727.683	590.742	3.56449310030718
720.196	585.961	3.92406185095318
704.227	589.659	4.71234631045006
692.063	583.189	3.96014843052134
688.592	593.395	3.32799685658826
689.506	603.935	2.04827801790608
681.393	618.659	3.13143911843104
678.641	631.702	2.65927621116778
667.567	632.731	5.67931457846484
663.85	653.904	8.31890792419116
681.668	649.679	2.20525036568552
687.905	656.976	2.62175760534116
678.802	655.9	2.95185135048308
678.502	667.895	2.82639828688766
684.378	674.866	3.87783033052548
695.439	663.809	7.00325930267064
714.995	651.428	3.87648704218792
730.041	647.782	8.64232413494908
739.653	656.33	3.45668006450524
748.93	657.748	2.8115898625643
741.955	668.232	4.32279562784468
727.974	632.354	1.95618227076108
714.336	107.784	18.0262721974833
728.81	134.498	18.1831215895589
789.35	151.711	18.8839049395136
750.082	159.072	21.151991763064
757.702	191.584	18.3867666204737
801.158	179.824	16.7616001902498
830.136	138.153	14.5426944770549
842.343	104.659	19.0990326430461
893.702	145.504	22.5676404698318
921.627	107.485	15.0516114267228
951.227	110.99	16.2589535027828
997.616	95.926	18.4562666956659
987.306	67.288	14.4750720175044
1037.996	86.059	20.4313274062912
1096.816	105.196	3.8915113875134
1066.952	109.799	20.5428303064988
1100.147	127.719	18.2053807208479
1067.086	145.908	17.81902087006
1030.517	162.289	20.3680699869444
1018.238	130.308	18.4647108867645
975.857	134.273	21.228202369409
939.132	160.221	19.6524252709623
992.742	171.763	19.9585937505523
1017.406	198.032	17.8217194123928
1084.705	178.334	21.77067771395
1053.262	171.927	4.57291063535098
1051.499	185.969	5.39658550993036
1082.03	156.325	1.78748418118583
1117.774	148.788	13.3470480532245
1134.939	157.826	7.31332369230728
1139.048	181.599	18.8019276750885
1120.112	175.309	2.24705929350318
1113.983	176.011	2.39537438512094
1105.068	191.92	7.08480011847442
1117.709	212.312	18.4579131913024
1151.913	206.781	12.1304298923691
1138.445	221.716	3.37606048610232
1129.488	230.252	2.6259615686847
1118.259	242.464	2.764400464282
1124.621	236.681	3.02740606275668
1153.678	234.217	15.6142323128443
1130.916	259.074	16.885912081078
1156.849	258.127	3.15018757778414
1154.022	265.046	3.49935440973694
1147.758	270.633	2.3675575380041
1160.061	268.115	2.09495663669152
1167.52	266.877	2.66411231953592
1170.858	273.741	2.66617825896188
1153.791	275.671	2.2024682642236
1143.795	277.636	3.44758432496502
1143.605	284.043	2.70151135571342
1151.815	285.225	3.9257937925924
1148.742	292.926	2.4428637452766
1154.337	308.045	2.65595158227376
1164.272	314.551	2.1439709832539
1153.001	320.81	3.648210849563
1144.592	320.549	2.96559544273052
1158.652	325.319	2.11674150466398
1170.368	318.823	3.7959885625921
1185.953	311.372	6.80886603243814
1170.307	294.761	19.183971193848
1128.787	307.162	19.437228910845
1105.035	318.963	2.40063436409592
1087.287	321.792	9.79518795011762
1084.649	334.627	3.00861705431316
1099.116	291.674	20.6214934471402
1095.699	253.1	20.3251311985232
1080.277	219.911	19.0654549591562
1048.846	208.957	16.7205806040462
1009.108	233.933	18.3994041706544
1034.911	251.959	20.4508750392182
1061.53	275.999	22.7946001865732
1032.972	307.192	18.276554113257
1065.128	313.111	14.3183309214723
1044.527	333.729	11.4042425953508
1060.069	357.428	20.5394351945754
1104.031	345.401	21.2187236649206
1135.435	336.409	10.9227053180029
1163.506	344.267	12.9790300455046
1188.797	335.557	17.2752628038235
1178.617	379.164	22.4964654525686
1193.279	403.645	9.02607618043452
1192.976	423.506	6.81893701248022
1187.544	441.2	9.36274421877636
1160.78	433.905	20.9835969611388
1135.085	405.985	21.5341459431382
1137.804	367.016	20.048761992565
1103.271	385.265	20.6015275824578
1082.02	373.544	6.96298064088482
1068.703	393.843	10.5398942928617
1097.676	422.102	18.3402652128977
1120.846	447.203	22.0041434422908
1076.732	403.485	3.01930622828798
1070.533	424.705	8.36111301767488
1050.736	428.506	3.21193530783222
1056.905	437.801	3.3090221888625
1050.024	450.385	3.02914055103042
1043.225	457.793	2.36284065319478
1037.911	469.99	2.70516758971128
1045.901	475.294	2.29302592516088
1038.86	479.588	4.19227196428984
1052.81	490.318	2.77802891149616
1060.222	486.426	2.11558265447028
1058.625	498.833	2.076544320579
1060.813	504.851	2.43372931197738
1059.661	513.76	3.4948637071793
1056.246	522.649	4.22685022745084
1067.599	521.965	6.2964875333675
1050.541	517.72	2.87354623851598
1046.332	525.164	2.03371556113966
1043.555	529.429	2.27162511587342
1040.846	519.045	2.98923614238214
1047.005	508.099	6.94117024781274
1038.051	498.459	5.43552053518856
1034.022	511.042	4.3895433020239
1024.589	513.749	4.28469104128522
1030.973	494.161	2.4521000242522
1095.296	456.36	3.46709225338036
1100.157	473.47	8.273836805637
1108.957	484.31	7.02937458068292
1119.352	492.043	6.67510913260492
1132.214	490.604	3.52417568088616
1143	487.272	3.44346187039182
1148.586	478.526	3.39355755548842
1153.211	492.689	7.73694572596594
1171.733	484.723	3.48417801823102
1187.461	478.323	4.51862208032328
1172.21	465.711	15.7848197744883
1137.985	469.511	11.7657295350721
1101.979	502.796	6.12337859275342
1110.976	511.988	3.5895973045551
1119.874	511.849	2.83949567639948
1127.365	511.317	3.39345215004824
1140.119	508.859	4.63471830899986
1135.087	518.666	3.05060253255112
1146.896	519.124	3.14981050123362
1132.117	527.28	2.96241559167764
1121.938	533.804	2.77791082031768
1117.689	543.711	2.91944020811786
1114.009	522.587	3.11757231804764
1105.656	521.963	2.54573118111856
1107.526	531.653	3.16460344717182
1116.854	560.296	6.64996717151804
1104.636	555.971	7.25904111632916
1122.911	577.04	7.11652734187896
1134.379	573.767	2.49977376970148
1137.633	582.592	3.08564854895948
1125.332	595.603	8.00761605257636
1142.304	545.193	19.4056695750565
1158.099	570.868	15.324394430829
1144.29	613.492	21.6514276155782
1118.825	639.629	3.0694875609704
1101.452	628.827	20.2677728720848
1090.685	587.951	21.6414596274786
1063.907	566.596	2.78779038024994
1072.824	568.984	2.44678028824332
1066.871	587.349	3.36091851728374
1061.97	603.697	6.65015390721518
1039.932	534.215	1.53517262118497
1080.764	496.861	18.9286565729619
1084.968	540.105	20.2045196583322
1047.424	552.562	19.6769202863234
1012.732	543.095	19.0295864347183
1019.982	574.039	7.59270752675674
1037.437	595.587	23.801088061402
1009.021	572.857	3.34385095824242
999.963	579.558	2.9502314028613
1007.919	599.855	4.2876839244681
1008.308	616.32	6.585429632999
997.341	614.715	3.58575721091048
1061.728	635.109	19.9169081715812
1098.429	660.555	4.7818953960853
1124.96	664.955	23.7030355201518
1085.773	701.371	18.8294243864114
1114.938	701.872	7.35999862839964
1069.732	674.273	12.6283661032322
1029.771	682.945	22.0787226935518
1047.874	724.835	15.7955765325642
1096.605	733.566	17.409383831297
1071.65	741.853	3.96853405687558
1075.588	757.234	3.92194831232066
1051.971	762.742	19.1814030369908
1025.906	744.176	3.50385870427232
1018.719	752.316	3.6030483907947
1008.322	753.018	3.24745609205854
1014.331	784.141	19.3014491160436
989.558	794.679	3.00984266435084
972.455	811.738	2.63120317027454
980.674	818.722	1.43698548095291
979.438	774.664	20.6323619268728
1007.355	728.34	21.7561041646598
985.225	750.042	1.89837962589455
945.961	789.485	2.32609568941884
957.893	749.381	18.1562665743446
929.158	755.317	9.20197248634546
980.333	702.908	21.2459008495978
999.686	671.145	9.33198766372336
1020.972	640.782	19.9176550776585
976.427	653.893	22.0118091512708
935.785	718.806	18.5539329235204
946.139	684.949	8.93517499484134
940.028	666.906	9.71098157847068
915.67	666.933	8.4461186715057
897.071	665.577	10.8689885668243
885.994	688.417	8.64792116414138
952.015	605.638	3.27887785186804
949.554	613.405	2.15347066496542
974.761	611.16	15.4332389076043
974.672	558.268	21.4075755763548
1003.916	504.874	20.4564459775486
1070.958	457.573	21.9514505498294
1024.031	451.136	21.6707844508688
1038.089	403.499	21.3126573888472
987.67	394.921	21.341246385684
1023.519	360.608	16.4125218646209
953.583	382.399	19.773252513924
985.949	340.568	14.3495311136849
950.9	338.216	18.9774049569392
912.919	341.359	21.003918199679
915.178	384.785	19.6149765582559
876.759	379.8	20.5513157831222
876.364	338.252	19.7437844594344
845.217	355.583	13.8933767207613
816.575	350.831	18.3962244553684
835.213	394.27	11.0938237279271
817.872	434.296	9.49298371958754
850.05	430.52	19.8284422269759
814.521	465.381	9.8733031036971
792.563	480.875	2.97862444109448
780.599	484.78	3.24732907875978
780.127	501.947	2.70475870465558
772.557	499.375	2.4881968124208
934.694	593.118	19.9436241350032
933.207	638.335	18.6396050725753
892.151	632.27	20.426223703685
847.965	641.04	20.5214800206346
845.982	591.495	22.3910645793754
803.538	591.519	22.9417097819288
810.692	620.386	6.7545027429121
821.02	633.495	10.6659303381683
824.146	531.266	17.4446858127197
868.344	502.248	21.8436618652664
842.572	479.05	21.3965180505358
797.524	511.351	20.4463032607058
784.169	452.122	22.3214684595728
771.453	431.963	2.56150273498786
910.101	698.911	21.10474499583
705.608	623.096	22.795558452392
758.829	624.449	18.9358788143031
781.398	652.777	20.201641484944
226.813	1174.832	21.4423747729112
209.308	1214.568	14.9470257704157
266.177	1168.327	20.6002283476228
258.871	1125.343	23.3958276710652
297.997	1102.563	18.2115233245823
273.036	1092.792	3.91043091578718
286.046	1078.982	9.7268951033303
302.39	1059.573	5.71450852415724
329.256	1059.978	18.8492526404065
360.451	1037.527	9.20486594997026
384.561	1035.517	3.23757354290772
372.419	1062.638	21.422948920013
336.041	1100.033	22.1555809973856
286.788	1133.228	2.53110689745576
306.618	1144.751	20.4794369293838
348.5	1139.448	21.2809744481398
374.659	1102.97	20.7374031252198
400.375	1094.323	6.86971852609618
414.805	1099.964	9.26136596510618
435.472	1083.852	3.01793078911726
416.684	1063.762	23.25761145415
460.511	1072.524	23.5130634941002
438.992	1114.754	23.8569119389634
469.87	1113.994	4.86421812843478
472.445	1137.413	8.5181945006883
458.583	1134.225	2.48355542504874
441.933	1156.647	22.1653256803018
481.722	1173.235	21.384300884053
447.913	1194.56	20.6401085936394
417.81	1194.702	10.9424943749163
404.259	1169.702	20.309840302512
395.454	1133.707	22.9860653768542
366.414	1177.233	22.797330141788
325.152	1179.312	22.601024977958
291.617	1195.221	17.3982016570289
266.237	1201.097	11.422109560446
245.605	1197.355	2.23959341621776
248.795	1210.917	3.55851511241986
233.7	1221.824	3.53272798025706
231.224	1209.658	3.6884181495807
245.831	1230.81	9.33602282419564
269.959	1233.928	12.6388690392427
302.802	1242.725	21.2453883951132
283.147	1257.077	4.04663980298402
336.332	1220.395	21.4040741895332
363.369	1234.31	15.8573423553546
391.03	1207.128	19.6086261981461
420.906	1225.469	17.5231949324825
440.021	1219.859	2.5460047151631
446.943	1217.069	2.88908404010388
458.06	1218.392	6.6056545697952
470.191	1222.443	4.45741855656268
459.152	1236.282	2.3113999161576
449.082	1230.417	6.6268782038498
440.04	1243.777	5.3929319916353
451.238	1247.283	3.68913455714768
444.85	1260.073	3.43632452160194
428.756	1258.054	5.60228700170796
393.966	1244.108	19.2894970844591
371.381	1275.595	21.9071256397342
330.128	1267.19	20.4275268715634
317.673	1291.762	10.1227300148864
291.637	1296.169	20.2715837770666
261.15	1269.915	19.8877198544677
225.672	1262.067	19.1111328619895
246.305	1308.485	21.5572874830752
275.69	1337.547	19.37629623146
307.132	1331.086	6.74346085551408
305.204	1365.392	15.2345971287099
334.589	1362.323	15.9453174588996
331.619	1324.496	19.4637457339973
349.23	1301.374	17.2169511561934
372.332	1336.594	17.1612476202441
392.332	1312.265	16.9024797003643
410.934	1274.112	17.6268056572568
416.431	1304.276	5.2852912426111
419.549	1321.944	7.45180966441068
410.594	1317.316	2.06433856703476
408.486	1326.766	2.97078339395094
405.83	1337.521	2.76637001771076
414.677	1336.537	3.22646753456368
410.474	1350.102	3.23461642478432
418.347	1352.783	2.25379506551674
404.39	1344.585	1.94970364512204
393.669	1351.87	6.96114577807528
396.558	1370.065	6.51742593971812
396.929	1388.729	5.75502471200314
375.097	1373.577	16.2165761585351
353.829	1366.724	6.65023959505486
362.016	1392.948	4.99257385694374
333.64	1402.262	17.1744298964176
364.369	1415.637	14.0531909625528
392.647	1426.875	13.7540516886653
416.187	1405.497	13.8752290721826
422.542	1375.54	17.0508983516864
436.725	1340.496	18.5811964894057
439.699	1294.096	18.9535724199453
474.254	1291.282	19.8091264517254
474.793	1247.692	18.3129739069899
500.319	1207.485	15.9708905367908
474.427	1203.369	4.74219748078208
515.994	1181.05	8.66596474687226
527.604	1192.151	6.80833113067142
534.54	1172.35	11.0589319747453
560.668	1164.31	6.22717261868052
573.084	1148.342	9.2981392053382
591.779	1154.096	7.30555896632624
607.361	1139.77	6.94272833471226
615.139	1119.476	14.6232539005329
575.121	1132.733	3.44722078873188
578.959	1172.019	3.52254058770978
584.781	1192.695	12.5238111297083
551.744	1200.387	22.1786594118742
523.143	1218.021	6.8569344114539
510.607	1225.068	2.59481326382722
513.439	1233.134	2.92732507711496
502.929	1235.766	2.5922898077733
496.628	1251.926	4.1845497367196
503.737	1252.84	2.59507699329458
499.575	1263.553	2.56249084731474
493.824	1270.881	4.11170655484302
527.292	1245.63	18.4265697384849
510.841	1288.831	20.5341577230664
543.476	1260.057	4.19959175168346
552.901	1263.105	2.9644241765207
557.583	1272.879	4.09722457779746
562.194	1291.549	3.12502884562732
571.166	1305.57	8.20266280831122
557.697	1329.166	12.4192420314405
574.302	1358.633	8.5863646844821
539.322	1304.623	18.4138154559832
587.656	1269.61	21.7464643704212
570.186	1233.704	21.1319457724984
595.365	1207.791	4.4551901377781
603.38	1194.595	4.86483828924426
601.551	1220.885	4.62285655219024
600.845	1236.374	9.33411400412498
621.552	1237.851	9.60503401354858
629.003	1248.485	4.4537928225278
620.035	1165.949	24.9183741996242
663.112	1132.093	18.8194463346397
688.426	1124.147	3.52652642669892
690.07	1132.099	1.95879700050143
701.8	1130.404	2.65499204575546
697.873	1137.878	3.72651981092078
709.429	1140.732	7.4606339713771
706.973	1152.008	2.42115369598218
715.402	1152.487	1.70589689308336
713.851	1164.349	3.7034132488261
679.732	1164.528	16.2213645688003
698.106	1179.96	4.65386409605748
689.704	1191.77	5.90707553835618
635.511	1202.252	20.588923127479
662.504	1224.266	22.429257996774
704.812	1227.204	22.6236938019778
731.538	1202.33	5.05548109209154
730.593	1213.858	1.61150746574295
733.892	1231.621	3.36967400910248
735.251	1176.765	20.7619387498184
755.516	1208.318	18.9393148511368
800.991	1189.293	24.2092443748008
845.971	1153.05	23.8787860090218
875.759	1141.054	2.9453577309302
861.39	1179.683	2.81479514857678
852.728	1191.244	4.39940747994914
844.549	1183.028	2.32221506820334
838.164	1180.235	4.06987540632938
840.722	1196.064	7.79032565909302
873.73	1198.921	15.4574395266439
888.006	1159.561	19.7993604549466
914.936	1180.767	20.461463517564
930.317	1216.169	21.2147451136132
959.915	1199.628	6.36293633680566
971.849	1205.925	2.7501184917608
969.542	1215.909	1.55968755140507
958.867	1242.272	20.2472338449882
931.147	1251.048	8.08589634884262
899.876	1260.776	23.6518955840858
886.662	1232.04	9.49119572765196
897.117	1211.864	7.85314373963688
870.371	1231.053	8.98691831769918
871.368	1258.028	7.36969940708972
843.961	1257.259	21.0839310966922
815.808	1240.334	19.4158369539343
778.343	1239.217	22.3854058331432
743.606	1268.445	23.067662838212
717.386	1257.534	7.75890394306182
772.022	1286.941	9.54405158191072
796.151	1293.572	8.85999786645814
815.892	1291.19	10.2218362079236
812.927	1276.05	4.98702746429428
851.352	1293.352	21.4467990842754
882.031	1297.147	7.74649707937728
915.056	1297.773	20.5659867084142
961.841	1284.422	21.3504321007292
976.308	1306.458	7.81489368679534
943.607	1308.895	2.78922638718424
935.016	1309.882	5.29660818897668
949.252	1335.301	26.10054414199
905.45	1363.389	20.0714655040938
888.137	1334.407	3.56866909176358
886.825	1345.859	1.79149455949281
857.973	1333.482	23.389849331314
845.148	1366.017	6.06695743951496
865.741	1376.484	16.7125595989035
818.406	1412.93	21.0766328224402
867.055	1422.087	22.556504034363
836.913	1460.885	8.4974156935262
783.696	1484.06	18.4312921690544
806.134	1442.084	4.62856468144064
782.207	1453.415	4.10639774627756
747.533	1426.07	3.31803968795472
767.783	1409.113	3.74216377810122
803.663	1380.868	21.0623442402508
783.589	1363.734	8.75298441015698
805.659	1332.57	24.2939509690482
746.226	1400.824	18.343200398741
740.383	1372.602	8.25675692871658
763.663	1357.76	3.26486172489798
759.178	1332.618	19.1003755813115
733.123	1312.645	17.0670745066638
712.509	1292.081	10.438222847982
685.453	1277.426	24.5500026602176
661.955	1260.672	7.18834491805976
653.398	1288.757	7.72815164462212
625.933	1280.485	23.1619964787794
590.301	1319.717	17.1788455739292
590.301	1319.717	17.1788455739292
645.499	1320.83	21.6983445621298
613.505	1342.209	9.11918853645068
601.025	1341.892	4.36686544973546
601.596	1370.164	10.1421617823428
653.223	1354.663	10.7398523955544
686.048	1328.4	21.7104723235328
552.431	1400.747	2.13045504895276
538.671	1436.974	10.2220744890714
522.817	1422.286	9.82646327568004
456.95	1321.913	8.5471322540037
458.041	1345.777	6.51869005085864
466.865	1364.009	5.5927171752485
481.712	1332.7	18.8062194031845
509.466	1343.03	16.5947593504821
524.975	1373.45	13.3465347709025
498.527	1387.591	13.0195510620945
549.727	1375.35	14.3166892473743
620.345	1391.671	18.7167197851747
700.127	1369.554	22.7752355588268
569.897	1416.082	18.0078413001851
508.916	1410.266	2.30247197099564
509.777	1426.529	2.60969067185988
510.203	1442.077	5.04187828347066
500.213	1426.972	4.37886857393178
476.522	1386.542	11.5671257499827
461.426	1399.978	2.2816293340956
450.521	1383.305	11.7138250960254
448.094	1418.928	12.5557042520249
487.122	1459.133	2.66330621595616
494.646	1467.637	1.55961117585091
501.089	1459.222	6.15803402931982
477.566	1428.192	8.99429342639234
636.266	1424.821	20.954714555434
672.995	1445.895	20.6061192245092
691.263	1469.423	11.2854901990169
740.148	1457.32	18.5265559640662
722.545	1494.558	8.65171618817726
545.823	449.254	20.6285123231932
588.35	470.976	20.0481269518278
564.743	465.667	4.52797496483916
602.987	500.868	15.4938252613603
542.6	502.337	19.2369784628499
557.299	541.293	17.9246012177802
612.657	539.918	21.6384896939346
655.787	509.202	16.5207532750219
645.094	473.622	16.865086148761
651.438	565.666	22.6873509767136
672.239	575.177	2.62846708983308
662.219	603.947	19.7756812375426
633.54	606.037	10.0234700112703
625.875	621.152	1.94115130603157
625.072	592.409	3.8433331227823
616.064	588.523	2.34513774954272
623.776	579.159	3.65168757805692
611.623	578.606	4.20454694762344
605.164	586.354	2.55850579885762
597.465	589.623	4.26410413808604
596.937	578.422	3.2536607722076
601.297	574.478	2.02628061115474
605.903	570.635	2.0688059230466
622.199	563.188	3.03797065213368
629.479	556.327	3.5622300688992
586.995	569.627	8.22290900780952
579.482	557.127	8.35014874558298
563.841	573.697	4.69974597344878
552.185	578.444	1.79682066174245
547.217	584.301	5.5468872047442
529.379	581.734	7.94976939843292
514.032	571.565	3.40167625508866
531.141	562.541	2.683789508259
525.741	557.027	3.94094258305056
521.711	537.117	3.87442341064044
507.629	542.084	7.52273058934826
472.068	530.597	18.8763984845691
430.382	546.902	20.0587872473912
403.651	545.083	9.54673222001164
366.377	544.347	23.2918010544244
339.379	527.503	8.01973219263078
318.398	521.473	15.5932127767349
295.572	532.373	2.83430798729066
299.361	540.058	1.9608222858866
263.919	532.576	15.1740743427425
250.247	563.662	3.43743467906078
267.407	560.681	4.0500549686996
275.733	558.255	2.28084587674724
281.509	568.728	4.20901617103756
281.449	583.412	2.71405016251908
317.941	565.322	22.5013674117494
339.007	592.654	20.2354928437814
384.523	581.331	20.0735475286762
431.305	588.472	12.7913826630602
413.766	578.927	4.57209788816806
472.349	571.733	22.2570539621916
495.136	598.691	18.0088084367885
532.048	618.008	18.901670709497
573.637	598.935	16.7176496850608
603.003	623.365	21.4048397333114
614.789	644.418	1.70396433464204
614.326	656.553	3.7532512244584
636.777	644.886	22.2187936253864
653.731	683.492	21.371996843553
669.119	722.598	18.2777363057385
683.244	690.328	10.6338998555665
695.961	705.522	8.32697382078366
713.708	680.981	21.4007208556502
749.285	690.923	21.1596030747872
784.406	697.07	22.061509338029
804.12	662.709	5.1862257331519
800.428	673.858	1.98290267198554
812.191	670.134	3.60840868313524
820.082	675.518	2.89815477397726
812.983	688.475	8.49508063463354
841.286	694.655	23.585395424045
853.456	739.686	24.2810074554582
812.462	728.089	21.026278594469
774.788	739.02	21.0658691632776
756.442	724.567	3.19586587971506
747.408	724.493	2.13489623443886
755.46	751.834	2.71385812066936
757.33	763.626	4.63877552622332
733.085	756.966	12.4260466138177
723.893	719.396	15.7293898474075
694.619	749.13	22.7302464151184
715.186	782.529	22.766210298114
670.733	787.63	22.553529872195
652.626	755.844	21.2337180741374
629.828	722.468	23.058508722876
613.494	684.205	22.8245737237786
580.396	665.239	20.7131087002294
558.537	636.92	18.2006547585791
521.309	654.719	20.3486069138938
554.992	665.701	8.20640371465514
551.718	687.186	3.65798798538756
537.568	679.809	6.20129923799942
511.14	685.881	3.69241244126286
522.872	693.389	2.4470590961942
489.218	684.612	2.51699903657064
485.355	678.622	2.34931206669514
475.602	693.541	7.6362933635403
492.834	657.885	8.77741748920252
508.015	632.279	2.56934901902222
513.437	609.158	2.64482861105018
482.868	634.041	18.497642409819
450.423	611.057	20.8358421283718
424.183	630.965	6.50305262038148
440.808	647.694	19.9358427075322
376.883	608.86	2.10691668569016
367.618	618.292	3.6192230291047
367.199	633.943	5.66432400586916
364.417	648.867	7.1880878101893
370.68	656.15	2.42123674849458
360.907	662.793	3.3707143672047
362.958	673.266	3.52099579398202
367.318	682.023	2.38422268784314
359.019	685.899	2.49573739760588
362.436	693.777	1.78424771880941
376.239	699.752	2.13417841177688
382.91	696.578	2.83792572282766
225.941	567.549	18.4551817789632
252.341	590.886	21.1246084033278
209.267	613.63	18.620113397314
184.201	629.622	4.27115699356772
202.1	667.548	3.54073330612746
196.975	679.666	2.62421146305214
185.372	687.368	4.99260890132222
191.879	696.445	1.82757677856403
205.618	689.256	9.19087712863346
218.152	686.672	2.256888898149
216.588	671.51	8.30319661235928
229.801	674.523	2.80482670279684
237.833	664.316	5.19163060487534
256.59	649.245	5.81315170804326
269.388	634.036	4.90177745295374
285.379	636.03	7.78817871588822
310.317	628.373	10.6594026867148
279.813	608.304	16.5547946955913
232.983	636.757	21.1476191311246
182.527	660.071	19.4653984326573
157.405	714.071	19.6334342460649
191.565	727.405	22.0061502963688
216.594	745.968	16.2588980399174
233.621	698.612	20.563614934484
268.327	668.489	17.7937790366832
302.773	666.532	18.7273220804469
342.434	631.034	20.5474244240412
336.62	675.211	21.0543277233076
304.944	704.12	7.84263657793908
327.078	721.755	25.4570014728012
299.663	691.87	2.91045243383618
261.452	715.449	16.5588107744363
284.732	724.332	4.27678947127902
286.181	750.797	21.0019219947132
305.663	768.117	7.17840287801544
335.974	764.411	22.2200948664512
244.394	759.918	19.9966334015594
175.753	784.745	17.3808492605676
145.08	772.858	20.3378208921596
164.723	741.187	3.41474566183074
210.063	773.483	3.95825594748022
207.755	787.051	3.74837029440724
213.129	793.805	2.72832608115618
221.216	799.284	1.87134976248381
228.364	802.704	4.21685542651766
230.461	823.097	6.23156850239178
256.507	799.818	22.7622625166712
294.839	797.955	19.5271084968047
271.008	821.777	3.12396591773084
319.228	821.21	21.0809725549054
356.595	795.954	20.1538948274986
386.502	779.737	4.21523250819026
373.721	757.996	2.9047891410836
392.993	768.575	1.88393041371722
371.251	729.742	21.5568140264
409.38	700.948	22.7934217742154
393.608	666.736	22.6895743112768
414.507	673.844	2.055916412791
427.557	674.042	2.70947785211002
464.478	671.14	19.6286754472282
446.412	710.056	20.5373838110424
407.747	742.267	21.1295655206466
447.873	751.41	21.4992653636712
490.836	745.574	20.2789984617324
490.398	709.18	17.6212773445776
530.383	713.599	20.0724302597912
526.131	756.146	20.5697529065864
475.387	792.393	24.0620645032392
464.704	768.893	3.96912204535468
452.938	777.547	2.78155045591108
440.935	797.528	5.37001850413378
414.267	830.72	20.7958054275262
450.966	838.424	20.5587003548582
482.251	830.544	4.0078883862573
498.532	816.155	3.75030868025784
506.308	826.505	8.7417219398223
476.899	819.589	2.3958579267899
526.139	796.536	21.9872281125778
552.548	783.819	3.06209389894778
563.955	759.849	17.7084562632279
554.386	732.671	10.0908300419285
583.519	729.121	9.57155781788966
572.023	704.486	21.507870083206
607.906	714.713	2.20068527308716
601.966	719.51	3.63020467051482
601.656	729.931	4.28763246813548
606.234	738.002	3.63875273720358
591.061	743.507	9.20398576195114
136.24	827.709	16.7616295563448
169.001	831.865	19.646965829842
205.799	828.091	19.7411430539447
223.165	851.05	8.98841718492854
241.277	838.505	9.04443985826582
264.33	851.603	22.9097758395244
296.509	866.709	20.764346914237
327.944	861.095	8.42934206298948
340.751	861.567	3.98154368649286
349.569	853.494	5.14316064626634
342.444	839.689	8.38274231867792
370.842	831.69	18.4132026902625
410.051	788.611	19.3418387091684
126.08	860.109	4.48885273642386
135.266	871.622	7.88636867828132
147.023	862.752	3.82414101026484
159.039	882.965	20.1898596932062
137.192	907.376	7.47185762195126
155.419	918.745	8.5808517996388
143.046	920.182	4.25389562888272
144.478	932.416	1.81105379470899
150.362	938.586	3.7070143871751
168.563	943.592	17.7965939156215
174.882	910.713	3.57739497229838
181.748	915.021	3.0648188910613
201.586	922.307	19.9975232201253
195.608	878.358	19.8927014458078
230.517	887.834	23.1590276139776
264.261	903.615	20.4490236806648
232.303	937.193	19.9759754742071
196.286	966.381	20.9452450000286
222.394	969.909	8.76938738246994
239.222	966.843	2.6201800122234
252.43	942.787	2.39735146022402
255.083	935.612	3.10932352758834
315.292	903.936	23.2443227766704
334.49	918.367	5.23322159598424
356.241	880.677	21.6569711739162
394.066	888.391	22.1966309472636
425.916	861.35	10.628361571659
431.653	894.605	21.0314249339502
474.256	857.729	15.2686787444426
508.783	854.533	18.6039715906132
547.922	828.401	22.2504699949688
539.722	852.864	4.21530195217208
533.486	858.834	2.37962933581212
550.825	851.951	4.35647844091114
535.129	869.625	2.70525234911576
548.324	870.583	8.6898755685036
566.636	870.103	5.58135479550094
561.43	881.577	4.30144690822386
570.697	888.334	4.16571249379296
550.98	890.263	8.26142125467462
583.231	868.509	3.76806928988504
591.192	874.028	3.19164126854396
595.787	865.264	3.97678121106838
604.616	864.62	3.01000008020692
608.681	849.119	9.08464970028622
464.553	903.676	20.0327755788144
492.249	886.247	7.9892979373962
516.281	894.692	22.547173271351
519.649	940.122	21.6535693727866
472.007	947.258	23.3080592735032
491.57	966.241	8.75257225461676
426.212	951.545	24.3744468096906
387.222	943.674	21.1195958911424
355.626	962.514	4.08001003791012
334.446	979.109	4.03029199752384
340.634	987.898	3.90076273842332
347.768	938.666	21.5009183177316
573.885	790.635	19.3703176253179
608.576	762.458	20.1905982411034
633.097	775.957	7.11872799905592
643.224	783.348	3.35478722033008
643.49	797.88	4.1063604346058
631.56	786.872	3.56522002382522
622.154	784.133	1.75536363347924
626.243	796.406	2.78178297193336
603.487	791.792	10.0467961639889
614.873	800.051	3.5663225786829
598.174	815.257	8.11859254674784
579.567	816.109	8.37410860505828
625.731	821.139	20.8731073077908
653.714	814.262	7.57876026542226
671.58	820.647	2.23994676783004
677.049	815.301	2.43353830399788
676.189	833.225	8.78749241947778
673.095	847.144	5.39638009552758
681.569	853.121	1.9599016457617
689.386	852.849	1.47497777521124
694.346	846.743	3.4019208570254
705.599	849.62	4.1914435566962
710.579	837.796	3.7272187565186
701.15	834.429	5.16990264457676
722.608	845.396	2.80921054438058
730.655	849.954	4.1553433248606
696.908	814.329	18.509106333576
731.82	822.323	21.5573107233686
756.257	789.168	21.793195274731
786.383	771.984	18.7948834847505
798.382	753.694	3.16338404142632
807.527	755.567	2.78318865086426
805.828	764.995	3.4855934072735
816.656	757.727	5.90486523084598
818.857	772.21	3.76548975951982
827.284	777.483	4.59315700570032
831.294	764.466	4.52868722364682
805.528	800.38	22.6286462247716
844.99	787.159	18.8573076199946
863.033	771.318	2.83579199884048
868.412	778.811	2.24747545958612
868.682	784.653	2.4302757439326
863.093	796.747	4.17920729565164
871.885	798.469	2.0050866424049
879.95	797.147	4.00906904190668
892.841	792.97	7.32877373529074
908.577	802.636	7.57102216962538
919.48	788.751	8.04042787694112
931.312	797.376	4.4468952434435
922.041	816.456	3.8752966238442
912.752	818.586	3.92538941735004
914.143	827.052	2.50323820257392
922.61	825.81	2.04683207622514
880.503	785.941	1.98229942856832
856.802	813.21	2.53272503232202
848.79	810.906	4.36556845799342
860.146	825.41	3.58063111653548
847.977	832.286	3.09986447299648
844.487	824.847	4.2704266567815
826.828	831.631	2.3732590587693
819.915	837.254	2.9982793422794
836.256	821.613	4.18296565271842
857.297	839.656	3.69316297748676
862.434	846.84	3.07179499678766
871.743	838.219	2.67328068710648
885.333	843.203	3.8544418617072
580.219	844.98	20.0048596360048
621.241	888.703	24.0952140071332
643.998	848.831	19.7566418348023
668.182	877.178	23.6228096451188
706.959	869.626	15.4536460594734
755.564	848.318	20.5750832906172
771.139	820.879	5.10667059381532
781.377	823.302	3.35554972776494
775.853	806.068	5.6763333035596
796.44	841.698	19.1444203381319
831.925	849.954	16.6788964859241
872.099	865.67	20.3886266108456
912.128	849.597	20.4334553664094
886.603	819.805	21.4431650535706
930.144	879.939	18.6048200517812
969.208	861.425	21.1465440385762
949.538	822.705	23.365311352865
893.05	883.583	9.54019595113506
851.714	904.248	20.5231459621072
815.955	885.784	19.7020635878288
771.409	883.335	21.7940472781296
724.371	903.303	22.0971094375788
727.881	878.003	2.21385352381652
739.656	879.869	3.71138736932664
740.532	886.967	2.37327518721182
746.189	891.721	2.8393406617319
679.617	933.328	20.1891695287012
647.987	916.045	10.3889448913996
653.16	945.96	10.6175382892418
743.758	934.654	16.2607977938311
698.385	897.186	6.9277715486447
684.128	900.219	7.39608212268834
693.258	911.117	2.24321764948582
701.998	912.696	3.87546676135262
699.753	922.207	2.52494878395306
709.164	928.915	7.29088454162388
711.755	940.418	2.78106902961234
700.456	947.035	4.21172741135904
596.824	934.824	20.5481387108864
559.821	921.122	21.6596211596058
618.665	920.24	4.83326190455834
630.049	921.736	2.55431790660914
625.159	942.876	3.0368089375734
635.187	951.467	4.12769377795982
657.256	930.326	4.1725610089198
783.731	923.086	20.3931716151034
819.158	917.132	10.7122519350078
880.14	901.053	1.70205232953502
894.597	903.051	5.26574466574536
906.23	895.954	4.57130672631002
917.869	898.409	3.91301855867682
840.616	878.962	2.17385357281628

